#Jarvis Module Positions
#Sat Apr 04 01:34:38 EET 2026
AURAL_EARS.tx=-11.999999999999943
AURAL_EARS.ty=-107.19999999999999
CORE_REACTOR.tx=-2.4000000000000625
CORE_REACTOR.ty=-190.40000000000026
CORTEX_BRAIN.tx=-12.80000000000004
CORTEX_BRAIN.ty=-10.400000000000148
LONG_TERM_MEMORY.tx=-12.000000000000085
LONG_TERM_MEMORY.ty=-61.599999999999966
OCULAR_EYES.tx=-11.999999999999943
OCULAR_EYES.ty=-88.0
REPULSORS.tx=-11.199999999999989
REPULSORS.ty=-12.800000000000068
REPULSOR_LEFT.tx=-16.799999999999983
REPULSOR_LEFT.ty=-13.600000000000023
REPULSOR_RIGHT.tx=-4.7999999999999545
REPULSOR_RIGHT.ty=-12.0
VOCAL_MOUTH.tx=-10.400000000000034
VOCAL_MOUTH.ty=-83.19999999999999
